12
16
6
14
7
4
17
16
16
18
16
6
12
16
3
12
6
5
15
1
16
18
10
16
8
6
6
4
3
12
3
16
18
2
14
18
4
1
4
4
16
6
2
12
12
14
2
9
18
8
3
14
6
12
16
14
3
2
3
16
18
10
16
14
14
3
6
16
3
4
9
18
14
2
14
1
3
14
15
8
17
14
8
1
14
4
1
1
2
4
2
6
16
14
18
14
4
16
14
12
9
18
16
5
14
3
4
14
3
13
15
14
16
9
6
11
2
14
1
6
6
16
3
10
4
12
6
14
16
9
12
12
16
6
12
12
14
9
1
2
16
9
14
14
12
14
2
6
7
16
8
14
3
1
7
15
3
18
14
7
4
16
8
5
16
18
2
16
6
15
16
1
6
2
14
13
17
7
4
2
6
16
16
10
14
18
14
16
12
16
16
16
2
9
14
16
14
3
18
2
4
2
9
14
14
14
14
4
14
3
16
4
2
14
16
14
7
14
7
3
13
1
3
14
14
1
18
2
14
14
16
16
4
14
16
10
14
6
9
2
3
12
1
16
11
14
10
14
6
6
6
18
2
9
2
9
1
4
14
16
2
14
18
16
3
12
8
6
14
6
3
8
14
16
12
18
17
16
14
18
15
